資格取得日,社員番号
20181214,10143
20181219,10404
20181228,10069
20181229,10104
20190105,10235
20190114,10168
20190115,10255
20190117,10186
20190126,10014
20190202,10544
20190203,10078
20190209,10123
20190217,10463
20190222,10177
20190226,10045
20190307,10322
20190314,10518
20190320,10502
20190322,10530
20190331,10514
20190406,10032
20190411,10221
20190419,10133
20190425,10239
20190427,10241
20190505,10073
20190508,10084
20190514,10555
20190515,10513
20190517,10095
20190519,10446
20190523,10359
20190528,10183
20190531,10106
20190607,10170
20190610,10013
20190619,10028
20190624,10465
20190626,10510
20190628,10240
20190706,10002
20190714,10165
20190723,10040
20190723,10286
20190723,10230
